%Sistema_046
dados_barras = [1	0	0	0.0
    2	0	0	443.1
    3	0	0	0.0
    4	0	0	300.7
    5	0	0	238.0
    6	0	0	0.0
    7	0	0	0.0
    8	0	0	72.2
    9	0	0	0.0
    10	0	0	0.0
    11	0	0	0.0
    12	0	0	511.9
    13	0	0	185.8
    14	0	1257	0.0
    15	0	0	0.0
    16	3	2000	0.0
    17	0	1050	0.0
    18	0	0	0.0
    19	0	1670	0.0
    20	0	0	1091.2
    21	0	0	0.0
    22	0	0	81.9
    23	0	0	458.1
    24	0	0	478.2
    25	0	0	0.0
    26	0	0	231.9
    27	0	220	0.0
    28	0	800	0.0
    29	0	0	0.0
    30	0	0	0.0
    31	0	700	0.0
    32	0	500	0.0
    33	0	0	229.1
    34	0	748	0.0
    35	0	0	216.0
    36	0	0	90.1
    37	0	300	0.0
    38	0	0	216.0
    39	0	600	0.0
    40	0	0	262.1
    41	0	0	0.0
    42	0	0	1607.9
    43	0	0	0.0
    44	0	0	79.1
    45	0	0	86.7
    46	0	700	0.0];

dados_ramos = [1	7	1	0.0060	0.0616	270	4.349	10
    1	2	2	0.0104	0.1065	270	7.076	10
    4	9	1	0.0091	0.0924	270	6.217	10
    5	9	1	0.0115	0.1173	270	7.732	10
    5	8	1	0.0111	0.1132	270	7.480	10
    7	8	1	0.0100	0.1023	270	6.823	10
    4	5	2	0.0056	0.0566	270	4.046	10
    2	5	2	0.0032	0.0324	270	2.581	10
    8	13	1	0.0132	0.1348	240	8.793	10
    9	14	2	0.0172	0.1756	220	11.267	10
    12	14	2	0.0072	0.0740	270	5.106	10
    14	18	2	0.0149	0.1514	240	9.803	10
    13	18	1	0.0177	0.1805	220	11.570	10
    13	20	1	0.0105	0.1073	270	7.126	10
    18	20	1	0.0196	0.1997	200	12.732	10
    19	21	1	0.0010	0.0278	1500	32.632	10
    16	17	1	0.0003	0.0078	2000	10.505	10
    17	19	1	0.0002	0.0061	2000	8.715	10
    14	26	1	0.0158	0.1614	220	10.409	10
    14	22	1	0.0083	0.0840	270	5.712	10
    22	26	1	0.0078	0.0790	270	5.409	10
    20	23	2	0.0092	0.0932	270	6.268	10
    23	24	2	0.0076	0.0774	270	5.308	10
    26	27	2	0.0081	0.0832	270	5.662	10
    24	34	1	0.0162	0.1647	220	10.611	10
    24	33	1	0.0142	0.1448	240	9.399	10
    33	34	1	0.0124	0.1265	270	8.288	10
    27	36	1	0.0089	0.0915	270	6.167	10
    27	38	2	0.0204	0.2080	200	13.237	10
    36	37	1	0.0104	0.1057	270	7.025	10
    34	35	2	0.0048	0.0491	270	3.591	10
    35	38	1	0.0194	0.1980	200	12.631	10
    37	39	1	0.0028	0.0283	270	2.329	10
    37	40	1	0.0125	0.1281	270	8.389	10
    37	42	1	0.0206	0.2105	200	13.388	10
    39	42	3	0.0199	0.2030	200	12.934	10
    40	42	1	0.0092	0.0932	270	6.268	10
    38	42	3	0.0089	0.0907	270	6.116	10
    32	43	1	0.0010	0.0309	1400	35.957	10
    42	44	1	0.0118	0.1206	270	7.934	10
    44	45	1	0.0182	0.1864	200	11.924	10
    19	32	1	0.0007	0.0195	1800	23.423	10
    46	19	1	0.0008	0.0222	1800	26.365	10
    46	16	1	0.0007	0.0203	1800	24.319	10
    18	19	1	0.0000	0.0125	600	8.178	10
    20	21	1	0.0000	0.0125	600	8.178	10
    42	43	1	0.0000	0.0125	600	8.178	10
    2	4	0	0.0086	0.0882	270	5.965	10
    14	15	0	0.0037	0.0374	270	2.884	10
    46	10	0	0.0003	0.0081	2000	10.889	10
    4	11	0	0.0220	0.2246	240	14.247	10
    5	11	0	0.0089	0.0915	270	6.167	10
    46	6	0	0.0004	0.0128	2000	16.005	10
    46	3	0	0.0007	0.0203	1800	24.319	10
    16	28	0	0.0008	0.0222	1800	26.365	10
    16	32	0	0.0010	0.0311	1400	36.213	10
    17	32	0	0.0008	0.0232	1700	27.516	10
    19	25	0	0.0011	0.0325	1400	37.748	10
    21	25	0	0.0006	0.0174	2000	21.121	10
    25	32	0	0.0011	0.0319	1400	37.109	10
    31	32	0	0.0001	0.0046	2000	7.052	10
    28	31	0	0.0002	0.0053	2000	7.819	10
    28	30	0	0.0002	0.0058	2000	8.331	10
    27	29	0	0.0098	0.0998	270	6.672	10
    26	29	0	0.0053	0.0541	270	3.894	10
    28	41	0	0.0012	0.0339	1300	39.283	10
    28	43	0	0.0014	0.0406	1200	46.701	10
    31	41	0	0.0010	0.0278	1500	32.632	10
    32	41	0	0.0010	0.0309	1400	35.957	10
    41	43	0	0.0005	0.0139	2000	17.284	10
    40	45	0	0.0216	0.2205	180	13.994	10
    15	16	0	0.0000	0.0125	600	8.178	10
    46	11	0	0.0000	0.0125	600	8.178	10
    24	25	0	0.0000	0.0125	600	8.178	10
    29	30	0	0.0000	0.0125	600	8.178	10
    40	41	0	0.0000	0.0125	600	8.178	10
    2	3	0	0.0000	0.0125	600	8.178	10
    5	6	0	0.0000	0.0125	600	8.178	10
    9	10	0	0.0000	0.0125	600	8.178	10];