%Sistema_024
dados_barras = [1	0	576	324
    2	0	576	291
    3	0	0	540
    4	0	0	222
    5	0	0	213
    6	0	0	408
    7	0	900	375
    8	0	0	513
    9	0	0	525
    10	0	0	585
    11	0	0	0
    12	0	0	0
    13	0	1773	795
    14	0	0	582
    15	0	645	951
    16	0	465	300
    17	0	0	0
    18	0	1200	999
    19	0	0	543
    20	0	0	384
    21	0	1200	0
    22	0	900	0
    23	3	1980	0
    24	0	0	0];

dados_ramos = [1	2	1	0.0026	0.0139	175	3	5
    1	3	1	0.0546	0.2112	175	55	5
    1	5	1	0.0218	0.0845	175	22	5
    2	4	1	0.0328	0.1267	175	33	5
    2	6	1	0.0497	0.1920	175	50	5
    3	9	1	0.0308	0.1190	175	31	5
    3	24	1	0.0023	0.0839	400	50	5
    4	9	1	0.0268	0.1037	175	27	5
    5	10	1	0.0228	0.0883	175	23	5
    6	10	1	0.0139	0.0605	175	16	5
    7	8	1	0.0159	0.0614	175	16	5
    8	9	1	0.0427	0.1651	175	43	5
    8	10	1	0.0427	0.1651	175	43	5
    9	11	1	0.0023	0.0839	400	50	5
    9	12	1	0.0023	0.0839	400	50	5
    10	11	1	0.0023	0.0839	400	50	5
    10	12	1	0.0023	0.0839	400	50	5
    11	13	1	0.0061	0.0476	500	66	5
    11	14	1	0.0054	0.0418	500	58	5
    12	13	1	0.0061	0.0476	500	66	5
    12	23	1	0.0124	0.0966	500	134	5
    13	23	1	0.0111	0.0865	500	120	5
    14	16	1	0.0050	0.0389	500	54	5
    15	16	1	0.0022	0.0173	500	24	5
    15	21	2	0.0063	0.0490	500	68	5
    15	24	1	0.0067	0.0519	500	72	5
    16	17	1	0.0033	0.0259	500	36	5
    16	19	1	0.0030	0.0231	500	32	5
    17	18	1	0.0018	0.0144	500	20	5
    17	22	1	0.0135	0.1053	500	146	5
    18	21	2	0.0033	0.0259	500	36	5
    19	20	2	0.0051	0.0396	500	55	5
    20	23	2	0.0028	0.0216	500	30	5
    21	22	1	0.0087	0.0678	500	94	5
    1	8	0	0.0348	0.1344	500	35	5
    2	8	0	0.0328	0.1267	500	33	5
    6	7	0	0.0497	0.1920	500	50	5
    13	14	0	0.0057	0.0447	500	62	5
    14	23	0	0.0080	0.0620	500	86	5
    16	23	0	0.0105	0.0822	500	114	5
    19	23	0	0.0078	0.0606	500	84	5];