%Sistema_Colombiano_Estatico
dados_barras = [1	0	240	0.00
    2	0	165	486.66
    3	0	0	587.08
    4	0	0	0.00
    5	0	40	351.42
    6	0	34	0.00
    7	0	136	448.03
    8	0	230	505.87
    9	0	0	519.69
    10	0	0	88.84
    11	0	108	220.15
    12	0	47	0.00
    13	0	0	260.08
    14	0	0	0.00
    15	0	0	562.84
    16	0	0	351.90
    17	0	35	203.00
    18	0	540	54.10
    19	0	1340	29.28
    20	0	45	302.27
    21	0	0	277.44
    22	0	200	79.17
    23	0	0	302.27
    24	0	150	0.00
    25	0	86	0.00
    26	0	70	0.00
    27	0	0	396.71
    28	0	14	486.39
    29	0	618	505.96
    30	0	0	199.55
    31	0	189	391.88
    32	0	0	188.33
    33	0	0	247.24
    34	0	0	115.81
    35	0	200	256.86
    36	0	44	167.29
    37	0	138	176.30
    38	0	15	129.72
    39	0	15	268.19
    40	0	305	0.00
    41	0	100	81.85
    42	0	0	152.39
    43	0	0	52.90
    44	0	23	384.64
    45	0	1208	0.00
    46	0	150	181.62
    47	0	0	61.60
    48	0	885	896.26
    49	0	0	193.27
    50	0	240	632.75
    51	0	0	190.45
    52	0	0	55.60
    53	0	320	0.00
    54	0	0	114.19
    55	0	40	333.59
    56	0	0	0.00
    57	0	130	336.94
    58	0	190	0.00
    59	0	160	0.00
    60	3	1216	0.00
    61	0	155	0.00
    62	0	0	0.00
    63	0	1090	52.77
    64	0	280	132.35
    65	0	0	197.58
    66	0	300	0.00
    67	0	474	397.98
    68	0	0	0.00
    69	0	0	106.61
    70	0	180	0.00
    71	0	424	471.21
    72	0	0	0.00
    73	0	0	0.00
    74	0	0	0.00
    75	0	0	0.00
    76	0	40	0.00
    77	0	0	82.85
    78	0	0	54.07
    79	0	300	146.87
    80	0	0	88.34
    81	0	0	0.00
    82	0	0	0.00
    83	0	0	0.00
    84	0	500	0.00
    85	0	0	0.00
    86	0	850	0.00
    87	0	0	0.00
    88	0	300	0.00
    89	0	0	0.00
    90	0	0	0.00
    91	0	0	0.00
    92	0	0	0.00
    93	0	0	0.00];

dados_ramos = [52	88	0	0	0.0980	300	34.190	5
    43	88	0	0	0.1816	250	39.560	5
    57	81	0	0	0.0219	550	58.890	5
    73	82	0	0	0.0374	550	97.960	5
    27	89	0	0	0.0267	450	13.270	5
    74	89	0	0	0.0034	550	14.570	5
    73	89	0	0	0.0246	550	66.650	5
    79	83	0	0	0.0457	350	15.400	5
    8	67	0	0	0.2240	250	29.200	5
    39	86	0	0	0.0545	350	9.880	5
    25	28	1	0	0.0565	320	9.767	5
    25	29	1	0	0.0570	320	9.882	5
    13	14	2	0	0.0009	350	3.902	5
    13	20	1	0	0.0178	350	5.742	5
    13	23	1	0	0.0277	350	7.007	5
    14	31	2	0	0.1307	250	18.622	5
    14	18	2	0	0.1494	250	20.232	5
    14	60	2	0	0.1067	300	15.977	5
    2	4	2	0	0.0271	350	6.662	5
    2	9	1	0	0.0122	350	5.282	5
    2	83	1	0	0.0200	570	5.972	5
    9	83	1	0	0.0200	400	5.972	5
    15	18	1	0	0.0365	450	7.927	5
    15	17	1	0	0.0483	320	9.422	5
    15	20	1	0	0.0513	320	9.652	5
    15	76	1	0	0.0414	320	9.882	5
    15	24	1	0	0.0145	350	5.282	5
    37	61	1	0	0.0139	350	4.937	5
    19	61	2	0	0.1105	250	16.092	5
    61	68	1	0	0.0789	250	12.412	5
    37	68	1	0	0.0544	320	9.652	5
    40	68	1	0	0.1320	320	18.162	5
    12	75	1	0	0.0641	320	11.492	5
    24	75	1	0	0.0161	350	5.512	5
    35	36	1	0	0.2074	250	27.362	5
    27	35	1	0	0.1498	250	22.072	5
    35	44	2	0	0.1358	250	20.347	5
    38	68	1	0	0.0389	350	7.927	5
    38	39	1	0	0.0300	350	6.317	5
    27	80	1	0	0.0242	350	7.007	5
    44	80	1	0	0.1014	250	17.587	5
    56	81	1	0	0.0114	550	32.858	5
    45	54	1	0	0.0946	320	13.562	5
    45	50	2	0	0.0070	350	4.362	5
    10	78	1	0	0.0102	350	4.937	5
    7	78	1	0	0.0043	350	4.132	5
    30	64	1	0	0.1533	250	20.577	5
    30	65	1	0	0.0910	250	13.677	5
    30	72	2	0	0.0173	350	5.512	5
    55	57	1	0	0.0174	600	46.808	5
    57	84	1	0	0.0087	600	26.658	5
    55	84	1	0	0.0087	600	26.658	5
    56	57	2	0	0.0240	600	62.618	5
    9	77	1	0	0.0190	350	5.857	5
    77	79	1	0	0.0097	350	5.167	5
    1	59	2	0	0.0232	350	6.202	5
    59	67	2	0	0.1180	250	16.667	5
    8	59	2	0	0.1056	250	15.402	5
    1	3	1	0	0.1040	250	15.862	5
    3	71	1	0	0.0136	450	5.167	5
    3	6	1	0	0.0497	350	9.422	5
    55	62	1	0	0.0281	550	70.988	5
    47	52	1	0	0.0644	350	10.572	5
    51	52	1	0	0.0859	250	12.872	5
    29	31	2	0	0.1042	250	32.981	5
    41	42	1	0	0.0094	350	4.707	5
    40	42	1	0	0.0153	350	5.167	5
    46	53	2	0	0.1041	250	14.597	5
    46	51	1	0	0.1141	250	16.322	5
    69	70	2	0	0.0228	350	6.202	5
    66	69	2	0	0.1217	250	17.127	5
    9	69	2	0	0.1098	350	15.747	5
    60	69	2	0	0.0906	350	13.677	5
    31	32	1	0	0.0259	350	6.547	5
    32	34	1	0	0.0540	350	9.767	5
    16	18	1	0	0.0625	350	10.917	5
    16	23	1	0	0.0238	350	6.892	5
    16	21	1	0	0.0282	350	6.892	5
    31	34	1	0	0.0792	250	12.412	5
    31	33	2	0	0.0248	350	6.432	5
    31	60	2	0	0.1944	250	25.982	5
    31	72	2	0	0.0244	350	6.317	5
    47	54	2	0	0.1003	250	14.252	5
    47	49	2	0	0.0942	250	13.562	5
    18	58	2	0	0.0212	350	5.742	5
    18	20	1	0	0.0504	350	9.537	5
    18	66	2	0	0.0664	350	11.377	5
    18	21	1	0	0.0348	350	7.467	5
    18	22	1	0	0.0209	350	6.432	5
    19	22	1	0	0.0691	350	11.722	5
    4	5	3	0	0.0049	350	4.247	5
    5	6	2	0	0.0074	350	4.477	5
    17	23	1	0	0.0913	250	12.987	5
    17	76	1	0	0.0020	350	3.902	5
    12	17	1	0	0.0086	350	4.707	5
    1	71	2	0	0.0841	250	14.367	5
    1	8	1	0	0.0810	250	13.217	5
    1	11	1	0	0.0799	250	12.527	5
    4	36	2	0	0.0850	250	13.562	5
    19	58	1	0	0.0826	320	11.722	5
    27	64	1	0	0.0280	350	6.777	5
    27	28	1	0	0.0238	350	6.202	5
    27	44	1	0	0.0893	250	16.322	5
    26	27	1	0	0.0657	350	10.917	5
    27	29	1	0	0.0166	350	5.052	5
    19	66	1	0	0.0516	350	9.307	5
    73	74	1	0	0.0214	600	58.278	5
    64	65	1	0	0.0741	350	11.837	5
    29	64	1	0	0.0063	350	4.362	5
    4	34	2	0	0.1016	270	14.942	5
    34	70	2	0	0.0415	350	8.272	5
    33	34	1	0	0.1139	320	16.322	5
    8	71	1	0	0.0075	400	4.477	5
    54	63	3	0	0.0495	320	9.077	5
    48	63	1	0	0.0238	350	6.317	5
    67	68	2	0	0.1660	250	22.072	5
    39	68	1	0	0.0145	350	5.282	5
    8	9	1	0	0.0168	350	5.972	5
    79	87	1	0	0.0071	350	4.477	5
    8	87	1	0	0.0132	350	5.167	5
    39	43	1	0	0.1163	250	16.552	5
    41	43	1	0	0.1142	250	16.322	5
    23	24	1	0	0.0255	350	6.317	5
    21	22	1	0	0.0549	350	9.882	5
    26	28	1	0	0.0512	350	9.307	5
    28	29	1	0	0.0281	350	6.777	5
    6	10	1	0	0.0337	350	7.582	5
    33	72	1	0	0.0228	350	6.202	5
    39	40	2	0	0.1020	250	16.207	5
    12	76	1	0	0.0081	350	4.707	5
    48	54	3	0	0.0396	350	8.042	5
    50	54	2	0	0.0876	250	12.872	5
    62	73	1	0	0.0272	750	73.158	5
    49	53	2	0	0.1008	250	14.252	5
    40	41	1	0	0.0186	350	5.742	5
    45	81	1	0	0.0267	450	13.270	5
    64	74	1	0	0.0267	500	13.270	5
    54	56	3	0	0.0267	450	13.270	5
    60	62	3	0	0.0257	450	13.270	5
    72	73	2	0	0.0267	500	13.270	5
    19	82	1	0	0.0267	450	13.270	5
    55	82	1	0	0.0290	550	77.498	5
    62	82	1	0	0.0101	600	30.998	5
    83	85	2	0	0.0267	450	13.270	5
    82	85	1	0	0.0341	700	89.898	5
    19	86	1	0	0.1513	300	20.922	5
    68	86	1	0	0.0404	350	8.272	5
    7	90	2	0	0.0050	350	4.247	5
    3	90	1	0	0.0074	350	4.592	5
    90	91	1	0	0.0267	550	13.270	5
    85	91	1	0	0.0139	600	40.298	5
    11	92	1	0	0.0267	450	13.270	5
    1	93	1	0	0.0267	450	13.270	5
    92	93	1	0	0.0097	600	30.068	5
    91	92	1	0	0.0088	600	27.588	5];