%Sistema_006_200
dados_barras = [1	3	50	80
    2	0	0	240
    3	0	165	40
    4	0	0	160
    5	0	0	240
    6	0	545	0];

dados_ramos = [1	2	1	0.10	0.40	100	40	4
    1	3	0	0.09	0.38	100	38	4
    1	4	1	0.15	0.60	80	60	4
    1	5	1	0.05	0.20	100	20	4
    1	6	0	0.17	0.68	70	68	4
    2	3	1	0.05	0.20	100	20	4
    2	4	1	0.10	0.40	100	40	4
    2	5	0	0.08	0.31	100	31	4
    2	6	0	0.08	0.30	100	30	4
    3	4	0	0.15	0.59	82	59	4
    3	5	1	0.05	0.20	100	20	4
    3	6	0	0.12	0.48	100	48	4
    4	5	0	0.16	0.63	75	63	4
    4	6	0	0.08	0.30	100	30	4
    5	6	0	0.15	0.61	78	61	4];